ДвГупс
[[216, 199, 118], [251, 195, 118], [218, 183, 118], [196, 149, 118], [236, 213, 118], [212, 197, 118], [208, 126, 118], [225, 194, 118]]
МГУ 
[[208, 184, 118], [208, 149, 118], [199, 144, 118], [180, 130, 118]]
ХГЭУП
[[188, 172, 118]]
ТОГУ
[[219, 190,  118], [205, 186, 118], [217, 200, 118], [205, 167, 118], [197, 137, 118], [171, 203, 118]]
Комсомольск
[[199, 161, 118], [181, 126, 118], [181, 131, 118], [173, 147, 118], [205, 179, 118]]
ДВФУ
[[252, 197, 123], [224, 190, 123], [213, 186, 118], [229, 207, 123], [221, 206,	118], [208, 177, 118],  [193, 146, 118], [212, 168, 118]]
Владивосток экономики и сервиса
[[223, 196, 123], [215, 186, 123], [216, 194, 118], [168, 161, 123]]
КФУ
[[252, 180, 118], [267, 148, 118], [257, 243, 118], [261, 190, 118], [249, 229,	118], [264, 250, 1253],  [276, 270, 123]]